0,flower,1,789,726,58,51
0,flower,2,464,192,68,52
1,flower,2,495,429,55,38
1,flower,1,810,926,56,56
3,flower,3,900,69,53,56
4,flower,3,903,334,51,57
5,flower,3,886,660,59,65
6,flower,3,899,885,51,61
9,flower,4,939,29,52,47
10,flower,4,950,156,50,51
11,flower,4,956,336,50,46
12,flower,4,952,618,46,46
13,flower,4,950,797,45,52
14,flower,4,941,973,48,48
14,flower,5,785,118,83,82
15,flower,5,797,331,66,68
16,flower,5,800,560,57,63
17,flower,5,808,775,64,49
17,flower,6,901,202,38,39
18,flower,5,808,951,64,37
18,flower,6,914,403,37,41
18,flower,7,846,34,35,32
18,flower,8,709,66,23,32
19,flower,6,923,640,34,48
19,flower,7,853,272,37,32
19,flower,8,716,314,30,29
19,flower,9,863,163,53,50
20,flower,6,922,939,32,42
20,flower,7,858,566,34,34
20,flower,9,875,463,42,51
21,flower,7,854,811,38,33
21,flower,8,866,723,48,47
22,flower,8,883,950,26,40
24,flower,9,258,73,33,52
25,flower,9,249,168,41,47
25,flower,10,971,7,42,45
26,flower,9,259,274,44,56
26,flower,10,982,133,34,42
27,flower,9,275,548,37,52
27,flower,10,975,442,40,48
27,flower,11,935,219,48,63
28,flower,9,306,870,37,47
28,flower,10,975,799,43,41
28,flower,11,950,585,51,48
29,flower,11,931,883,47,41
29,flower,12,812,159,67,51
29,flower,13,520,56,76,45
30,flower,12,833,540,76,72
30,flower,13,533,376,99,89
31,flower,12,831,912,73,75
31,flower,13,540,692,104,89
31,flower,14,883,85,79,80
31,flower,15,579,70,53,57
32,flower,13,577,931,86,88
32,flower,14,909,365,72,71
32,flower,15,604,338,40,45
32,flower,16,892,227,63,62
32,flower,17,710,28,55,62
33,flower,14,911,650,79,79
33,flower,15,622,624,45,50
33,flower,16,906,514,61,60
33,flower,17,733,274,47,46
34,flower,14,915,919,74,68
34,flower,15,633,882,39,43
34,flower,16,911,784,62,63
34,flower,17,741,520,43,39
35,flower,17,753,761,33,39
36,flower,18,753,7,75,62
37,flower,18,760,279,71,73
37,flower,19,562,56,58,57
38,flower,18,770,568,69,81
38,flower,19,569,330,63,62
38,flower,20,377,79,32,53
39,flower,18,771,818,75,86
39,flower,19,581,571,59,51
39,flower,20,380,281,35,46
39,flower,60,692,135,77,100
40,flower,19,595,842,62,38
40,flower,20,399,500,32,54
40,flower,60,712,452,79,103
41,flower,20,411,714,41,43
41,flower,60,716,746,86,101
42,flower,20,429,924,32,49
42,flower,21,547,19,55,44
43,flower,21,558,360,51,32
44,flower,21,593,636,39,35
45,flower,21,602,918,41,40
46,flower,22,270,114,40,58
48,flower,22,300,714,32,43
49,flower,22,325,959,35,46
50,flower,23,894,97,33,40
50,flower,24,354,36,37,34
51,flower,23,888,384,48,40
51,flower,24,359,254,34,36
51,flower,25,395,464,26,24
51,flower,26,464,186,54,58
52,flower,23,892,498,42,47
52,flower,24,366,351,35,37
52,flower,25,391,563,38,36
52,flower,26,461,304,59,60
52,flower,27,779,79,50,58
52,flower,28,977,3,47,48
53,flower,23,888,619,37,52
53,flower,24,370,457,37,40
53,flower,26,465,435,55,60
53,flower,25,391,664,41,50
53,flower,27,771,233,52,55
53,flower,28,975,125,49,71
53,flower,29,271,66,47,67
53,flower,30,820,136,42,50
54,flower,25,413,886,37,62
54,flower,23,882,885,53,53
54,flower,24,415,667,36,44
54,flower,26,488,714,48,51
54,flower,27,790,564,53,55
54,flower,28,992,457,33,69
54,flower,29,294,330,42,68
54,flower,30,837,457,53,64
54,flower,31,823,154,52,52
54,flower,32,725,131,75,68
55,flower,27,793,988,48,36
55,flower,28,989,884,35,47
55,flower,30,836,885,66,50
55,flower,29,314,679,49,72
55,flower,31,828,568,47,53
55,flower,32,740,555,70,72
56,flower,31,838,974,45,49
56,flower,32,748,972,66,52
58,flower,33,639,186,47,53
59,flower,33,642,604,58,63
59,flower,34,707,36,69,62
60,flower,34,729,552,81,88
60,flower,35,586,274,101,71
60,flower,36,441,417,70,47
61,flower,34,752,984,77,40
61,flower,35,620,711,96,72
61,flower,36,481,841,53,58
61,flower,37,349,913,55,45
67,flower,38,353,124,31,36
68,flower,38,365,450,35,56
68,flower,61,845,308,39,56
69,flower,38,396,734,34,55
69,flower,61,839,681,66,71
70,flower,39,898,0,67,27
71,flower,39,919,409,71,60
71,flower,40,375,378,83,86
72,flower,39,914,875,58,52
72,flower,40,407,863,67,77
73,flower,41,233,140,30,31
73,flower,43,973,377,46,52
74,flower,41,244,452,38,38
74,flower,42,420,123,31,38
74,flower,43,973,770,51,62
75,flower,41,262,801,37,33
75,flower,42,414,430,37,39
75,flower,44,802,218,66,69
76,flower,42,422,685,50,56
76,flower,44,812,550,65,59
76,flower,45,487,7,59,50
77,flower,44,813,843,65,56
77,flower,45,511,285,62,51
78,flower,45,520,600,58,49
79,flower,45,520,856,68,64
82,flower,46,845,378,47,46
83,flower,46,839,792,52,47
84,flower,47,588,296,82,80
84,flower,48,688,71,53,74
84,flower,49,646,2,49,36
85,flower,47,610,723,76,68
85,flower,48,708,498,37,56
85,flower,49,712,254,83,78
85,flower,50,859,399,34,39
85,flower,51,810,365,28,26
86,flower,48,710,863,43,51
86,flower,49,727,647,84,77
86,flower,50,860,788,40,34
86,flower,51,818,750,26,29
86,flower,52,527,141,45,48
87,flower,52,537,521,59,58
88,flower,52,556,907,57,34
88,flower,53,943,205,53,48
88,flower,54,817,46,35,51
89,flower,53,956,592,58,50
91,flower,55,845,306,45,50
92,flower,55,846,683,45,45
93,flower,56,593,133,53,75
93,flower,57,662,4,51,39
94,flower,56,600,526,58,74
94,flower,57,672,375,57,55
94,flower,58,708,342,54,61
95,flower,56,612,923,60,62
95,flower,57,694,790,45,49
95,flower,58,727,763,55,52
96,flower,59,474,273,49,36
97,flower,59,496,673,50,64
