0,-1,799,76,70,92,1,-1,-1,-1
1,-1,804,356,83,94,1,-1,-1,-1
2,-1,853,204,94,77,1,-1,-1,-1
2,-1,815,666,80,85,1,-1,-1,-1
3,-1,866,575,71,104,1,-1,-1,-1
4,-1,867,807,66,99,1,-1,-1,-1
4,-1,480,69,33,49,1,-1,-1,-1
5,-1,484,324,33,56,1,-1,-1,-1
6,-1,483,560,51,74,1,-1,-1,-1
7,-1,490,782,57,70,1,-1,-1,-1
8,-1,492,978,45,46,1,-1,-1,-1
9,-1,585,83,56,63,1,-1,-1,-1
10,-1,609,416,53,72,1,-1,-1,-1
10,-1,562,71,96,85,1,-1,-1,-1
11,-1,572,532,93,74,1,-1,-1,-1
12,-1,589,926,95,66,1,-1,-1,-1
12,-1,360,-1,46,77,1,-1,-1,-1
13,-1,375,330,45,66,1,-1,-1,-1
14,-1,402,675,34,58,1,-1,-1,-1
15,-1,409,912,59,85,1,-1,-1,-1
15,-1,541,134,64,91,1,-1,-1,-1
15,-1,449,54,69,92,1,-1,-1,-1
16,-1,554,387,76,97,1,-1,-1,-1
16,-1,459,313,76,94,1,-1,-1,-1
17,-1,576,651,63,89,1,-1,-1,-1
17,-1,480,586,66,74,1,-1,-1,-1
18,-1,499,930,71,62,1,-1,-1,-1
18,-1,555,7,68,72,1,-1,-1,-1
19,-1,571,412,73,79,1,-1,-1,-1
20,-1,597,817,70,70,1,-1,-1,-1
20,-1,564,862,75,60,1,-1,-1,-1
20,-1,363,159,66,85,1,-1,-1,-1
20,-1,346,84,73,73,1,-1,-1,-1
20,-1,295,98,50,67,1,-1,-1,-1
21,-1,389,601,59,67,1,-1,-1,-1
21,-1,368,540,64,75,1,-1,-1,-1
21,-1,323,482,54,71,1,-1,-1,-1
22,-1,371,879,48,71,1,-1,-1,-1
22,-1,851,247,65,108,1,-1,-1,-1
22,-1,894,242,66,96,1,-1,-1,-1
22,-1,428,991,61,33,1,-1,-1,-1
23,-1,869,701,58,111,1,-1,-1,-1
23,-1,897,676,75,108,1,-1,-1,-1
23,-1,982,206,39,106,1,-1,-1,-1
24,-1,1001,618,23,99,1,-1,-1,-1
27,-1,704,51,46,37,1,-1,-1,-1
28,-1,729,459,45,53,1,-1,-1,-1
29,-1,570,23,87,69,1,-1,-1,-1
29,-1,750,827,40,50,1,-1,-1,-1
29,-1,893,251,58,48,1,-1,-1,-1
30,-1,606,397,75,82,1,-1,-1,-1
30,-1,541,18,76,86,1,-1,-1,-1
30,-1,916,629,54,47,1,-1,-1,-1
31,-1,630,740,76,84,1,-1,-1,-1
31,-1,565,342,70,89,1,-1,-1,-1
31,-1,251,12,53,73,1,-1,-1,-1
31,-1,931,950,48,50,1,-1,-1,-1
32,-1,589,695,65,69,1,-1,-1,-1
32,-1,266,281,50,76,1,-1,-1,-1
32,-1,299,238,49,63,1,-1,-1,-1
33,-1,288,527,50,70,1,-1,-1,-1
33,-1,318,503,46,54,1,-1,-1,-1
33,-1,608,982,64,42,1,-1,-1,-1
34,-1,314,797,44,70,1,-1,-1,-1
34,-1,345,786,44,71,1,-1,-1,-1
36,-1,516,172,48,78,1,-1,-1,-1
36,-1,506,0,70,41,1,-1,-1,-1
37,-1,527,481,54,71,1,-1,-1,-1
37,-1,533,281,62,79,1,-1,-1,-1
38,-1,514,809,68,73,1,-1,-1,-1
38,-1,541,649,48,85,1,-1,-1,-1
45,-1,269,58,51,64,1,-1,-1,-1
46,-1,767,128,60,76,1,-1,-1,-1
46,-1,283,281,46,60,1,-1,-1,-1
47,-1,776,422,52,70,1,-1,-1,-1
47,-1,726,225,75,94,1,-1,-1,-1
47,-1,299,520,37,57,1,-1,-1,-1
48,-1,771,745,54,76,1,-1,-1,-1
48,-1,732,601,58,77,1,-1,-1,-1
48,-1,313,794,38,53,1,-1,-1,-1
48,-1,423,216,44,56,1,-1,-1,-1
49,-1,432,578,46,49,1,-1,-1,-1
53,-1,507,160,76,89,1,-1,-1,-1
54,-1,524,495,67,92,1,-1,-1,-1
55,-1,544,749,64,87,1,-1,-1,-1
56,-1,546,957,69,62,1,-1,-1,-1
63,-1,438,549,32,53,1,-1,-1,-1
64,-1,452,811,49,52,1,-1,-1,-1
64,-1,769,31,83,98,1,-1,-1,-1
65,-1,789,367,75,89,1,-1,-1,-1
66,-1,800,661,70,78,1,-1,-1,-1
67,-1,560,34,78,80,1,-1,-1,-1
67,-1,383,273,48,45,1,-1,-1,-1
68,-1,591,396,79,77,1,-1,-1,-1
68,-1,408,589,40,45,1,-1,-1,-1
69,-1,610,673,79,85,1,-1,-1,-1
69,-1,424,823,50,39,1,-1,-1,-1
70,-1,619,925,85,87,1,-1,-1,-1
74,-1,478,189,46,48,1,-1,-1,-1
75,-1,495,508,62,63,1,-1,-1,-1
75,-1,319,207,50,86,1,-1,-1,-1
75,-1,362,175,44,45,1,-1,-1,-1
76,-1,535,826,54,66,1,-1,-1,-1
76,-1,355,522,46,91,1,-1,-1,-1
76,-1,401,523,50,53,1,-1,-1,-1
77,-1,380,810,52,82,1,-1,-1,-1
78,-1,366,144,42,87,1,-1,-1,-1
78,-1,790,52,65,77,1,-1,-1,-1
79,-1,379,357,48,89,1,-1,-1,-1
79,-1,817,350,64,78,1,-1,-1,-1
80,-1,397,591,54,81,1,-1,-1,-1
80,-1,836,648,65,79,1,-1,-1,-1
81,-1,413,848,47,86,1,-1,-1,-1
81,-1,839,988,53,36,1,-1,-1,-1
85,-1,589,0,42,53,1,-1,-1,-1
86,-1,603,356,45,73,1,-1,-1,-1
87,-1,616,716,51,79,1,-1,-1,-1
87,-1,737,211,54,62,1,-1,-1,-1
88,-1,771,650,48,56,1,-1,-1,-1
89,-1,485,35,69,76,1,-1,-1,-1
89,-1,587,72,94,104,1,-1,-1,-1
90,-1,506,423,73,73,1,-1,-1,-1
90,-1,623,475,74,89,1,-1,-1,-1
91,-1,529,732,75,65,1,-1,-1,-1
91,-1,639,791,77,84,1,-1,-1,-1
93,-1,290,183,73,103,1,-1,-1,-1
94,-1,319,530,67,102,1,-1,-1,-1
94,-1,377,68,49,60,1,-1,-1,-1
94,-1,460,379,57,75,1,-1,-1,-1
95,-1,333,796,74,100,1,-1,-1,-1
95,-1,393,312,43,50,1,-1,-1,-1
95,-1,481,619,42,75,1,-1,-1,-1
96,-1,490,805,42,76,1,-1,-1,-1
96,-1,402,499,46,59,1,-1,-1,-1
97,-1,413,742,51,56,1,-1,-1,-1
97,-1,539,0,81,61,1,-1,-1,-1
98,-1,562,287,73,88,1,-1,-1,-1
98,-1,344,0,76,62,1,-1,-1,-1
99,-1,345,297,84,97,1,-1,-1,-1
99,-1,519,219,78,92,1,-1,-1,-1
99,-1,651,130,72,84,1,-1,-1,-1
