1,1,1,1,1,1,1,1,1,1
5,-1,857,91,144,87,1,-1,-1,-1
6,-1,861,548,117,75,1,-1,-1,-1
6,-1,895,92,97,90,1,-1,-1,-1
6,-1,941,14,83,82,1,-1,-1,-1
7,-1,930,625,72,106,1,-1,-1,-1
7,-1,958,552,66,90,1,-1,-1,-1
7,-1,927,888,82,57,1,-1,-1,-1
7,-1,379,385,65,46,1,-1,-1,-1
8,-1,385,765,68,74,1,-1,-1,-1
9,-1,351,172,77,78,1,-1,-1,-1
9,-1,335,57,50,40,1,-1,-1,-1
10,-1,375,513,46,60,1,-1,-1,-1
10,-1,348,356,45,38,1,-1,-1,-1
13,-1,331,2,87,71,1,-1,-1,-1
15,-1,392,749,72,53,1,-1,-1,-1
16,-1,741,349,70,70,1,-1,-1,-1
16,-1,893,338,71,33,1,-1,-1,-1
17,-1,780,736,57,81,1,-1,-1,-1
17,-1,909,732,76,69,1,-1,-1,-1
18,-1,738,4,86,80,1,-1,-1,-1
19,-1,754,456,82,97,1,-1,-1,-1
20,-1,732,943,79,74,1,-1,-1,-1
21,-1,516,19,73,81,1,-1,-1,-1
22,-1,537,436,50,89,1,-1,-1,-1
23,-1,541,784,40,61,1,-1,-1,-1
23,-1,471,79,54,54,1,-1,-1,-1
24,-1,481,286,55,45,1,-1,-1,-1
24,-1,382,190,55,60,1,-1,-1,-1
25,-1,398,485,54,33,1,-1,-1,-1
29,-1,932,88,92,167,1,-1,-1,-1
30,-1,938,589,86,158,1,-1,-1,-1
31,-1,728,266,78,92,1,-1,-1,-1
31,-1,459,86,60,82,1,-1,-1,-1
32,-1,716,686,81,102,1,-1,-1,-1
32,-1,466,471,63,59,1,-1,-1,-1
34,-1,964,5,60,41,1,-1,-1,-1
35,-1,959,458,65,103,1,-1,-1,-1
38,-1,645,90,87,98,1,-1,-1,-1
39,-1,677,563,70,92,1,-1,-1,-1
40,-1,334,185,66,63,1,-1,-1,-1
40,-1,877,2,114,74,1,-1,-1,-1
41,-1,919,501,84,72,1,-1,-1,-1
41,-1,777,4,123,49,1,-1,-1,-1
42,-1,811,489,98,66,1,-1,-1,-1
42,-1,917,278,107,112,1,-1,-1,-1
43,-1,929,782,95,134,1,-1,-1,-1
43,-1,358,307,64,61,1,-1,-1,-1
43,-1,936,250,88,75,1,-1,-1,-1
44,-1,383,723,42,42,1,-1,-1,-1
44,-1,949,798,75,80,1,-1,-1,-1
46,-1,473,166,63,79,1,-1,-1,-1
47,-1,982,79,42,59,1,-1,-1,-1
48,-1,971,612,53,66,1,-1,-1,-1
48,-1,381,568,62,58,1,-1,-1,-1
48,-1,865,305,111,64,1,-1,-1,-1
49,-1,418,973,89,51,1,-1,-1,-1
49,-1,810,195,87,132,1,-1,-1,-1
50,-1,815,671,80,117,1,-1,-1,-1
50,-1,411,867,51,36,1,-1,-1,-1
50,-1,412,795,67,50,1,-1,-1,-1
50,-1,322,159,53,69,1,-1,-1,-1
50,-1,349,23,90,61,1,-1,-1,-1
50,-1,962,25,62,95,1,-1,-1,-1
51,-1,343,548,54,81,1,-1,-1,-1
51,-1,376,448,90,71,1,-1,-1,-1
51,-1,968,567,56,87,1,-1,-1,-1
52,-1,372,889,37,58,1,-1,-1,-1
52,-1,402,816,76,70,1,-1,-1,-1
52,-1,539,77,67,69,1,-1,-1,-1
53,-1,776,504,44,58,1,-1,-1,-1
53,-1,819,434,52,55,1,-1,-1,-1
53,-1,298,299,72,97,1,-1,-1,-1
54,-1,911,258,88,89,1,-1,-1,-1
55,-1,920,757,81,102,1,-1,-1,-1
58,-1,967,349,57,93,1,-1,-1,-1
58,-1,931,233,93,64,1,-1,-1,-1
59,-1,992,858,32,88,1,-1,-1,-1
59,-1,932,740,92,64,1,-1,-1,-1
59,-1,897,135,94,86,1,-1,-1,-1
60,-1,903,620,99,110,1,-1,-1,-1
60,-1,811,146,111,115,1,-1,-1,-1
60,-1,325,86,65,71,1,-1,-1,-1
61,-1,813,658,126,92,1,-1,-1,-1
61,-1,347,466,65,63,1,-1,-1,-1
62,-1,711,332,58,64,1,-1,-1,-1
63,-1,726,716,57,81,1,-1,-1,-1
63,-1,470,102,57,60,1,-1,-1,-1
64,-1,492,466,44,62,1,-1,-1,-1
64,-1,802,59,82,70,1,-1,-1,-1
64,-1,816,1,105,39,1,-1,-1,-1
65,-1,517,817,50,72,1,-1,-1,-1
65,-1,831,484,79,73,1,-1,-1,-1
65,-1,837,392,111,77,1,-1,-1,-1
65,-1,491,4,47,75,1,-1,-1,-1
65,-1,539,3,49,28,1,-1,-1,-1
66,-1,839,908,77,63,1,-1,-1,-1
66,-1,852,813,102,90,1,-1,-1,-1
66,-1,515,375,46,74,1,-1,-1,-1
66,-1,558,348,73,98,1,-1,-1,-1
67,-1,539,769,24,43,1,-1,-1,-1
67,-1,570,742,61,92,1,-1,-1,-1
70,-1,814,310,96,92,1,-1,-1,-1
71,-1,822,677,94,106,1,-1,-1,-1
72,-1,872,166,77,71,1,-1,-1,-1
73,-1,897,590,69,78,1,-1,-1,-1
73,-1,776,266,65,113,1,-1,-1,-1
74,-1,781,698,61,103,1,-1,-1,-1
76,-1,766,297,76,84,1,-1,-1,-1
77,-1,767,787,120,80,1,-1,-1,-1
78,-1,878,381,62,108,1,-1,-1,-1
79,-1,870,879,52,94,1,-1,-1,-1
85,-1,789,35,94,92,1,-1,-1,-1
86,-1,820,544,84,100,1,-1,-1,-1
89,-1,789,144,55,83,1,-1,-1,-1
90,-1,797,597,58,63,1,-1,-1,-1
90,-1,560,135,49,51,1,-1,-1,-1
91,-1,553,502,55,42,1,-1,-1,-1
91,-1,765,380,82,77,1,-1,-1,-1
92,-1,770,828,87,95,1,-1,-1,-1
92,-1,533,176,57,66,1,-1,-1,-1
93,-1,552,576,55,79,1,-1,-1,-1
93,-1,876,17,100,51,1,-1,-1,-1
94,-1,948,570,58,50,1,-1,-1,-1
94,-1,675,337,41,57,1,-1,-1,-1
95,-1,937,232,47,72,1,-1,-1,-1
96,-1,933,786,60,71,1,-1,-1,-1
96,-1,634,530,90,57,1,-1,-1,-1
96,-1,335,305,82,86,1,-1,-1,-1
97,-1,373,743,76,88,1,-1,-1,-1
