1,1,1,1,1,1,1,1,1,1
0,-1,847,674,162,178,1,-1,-1,-1
0,-1,468,227,52,153,1,-1,-1,-1
1,-1,856,931,142,88,1,-1,-1,-1
1,-1,466,424,78,153,1,-1,-1,-1
2,-1,466,646,49,81,1,-1,-1,-1
3,-1,474,818,47,81,1,-1,-1,-1
5,-1,662,160,78,117,1,-1,-1,-1
6,-1,670,429,75,104,1,-1,-1,-1
6,-1,471,83,69,56,1,-1,-1,-1
7,-1,670,668,86,100,1,-1,-1,-1
7,-1,492,294,48,58,1,-1,-1,-1
7,-1,758,0,75,86,1,-1,-1,-1
8,-1,498,510,53,51,1,-1,-1,-1
8,-1,765,262,67,88,1,-1,-1,-1
8,-1,825,52,117,100,1,-1,-1,-1
8,-1,677,908,56,61,1,-1,-1,-1
9,-1,508,725,56,62,1,-1,-1,-1
9,-1,777,542,72,96,1,-1,-1,-1
9,-1,836,350,119,108,1,-1,-1,-1
10,-1,520,941,56,29,1,-1,-1,-1
10,-1,783,824,57,94,1,-1,-1,-1
10,-1,835,641,129,132,1,-1,-1,-1
10,-1,819,159,100,121,1,-1,-1,-1
11,-1,851,874,99,125,1,-1,-1,-1
11,-1,820,403,107,137,1,-1,-1,-1
12,-1,831,696,98,137,1,-1,-1,-1
13,-1,487,71,61,101,1,-1,-1,-1
13,-1,831,950,82,74,1,-1,-1,-1
14,-1,493,300,65,101,1,-1,-1,-1
15,-1,502,499,82,106,1,-1,-1,-1
16,-1,513,718,73,92,1,-1,-1,-1
17,-1,525,951,48,71,1,-1,-1,-1
33,-1,769,131,72,92,1,-1,-1,-1
34,-1,778,417,80,103,1,-1,-1,-1
34,-1,459,107,94,80,1,-1,-1,-1
35,-1,782,697,82,84,1,-1,-1,-1
35,-1,472,352,97,77,1,-1,-1,-1
35,-1,564,1,33,44,1,-1,-1,-1
36,-1,791,924,63,75,1,-1,-1,-1
36,-1,484,565,95,75,1,-1,-1,-1
36,-1,569,214,49,70,1,-1,-1,-1
36,-1,563,97,86,104,1,-1,-1,-1
37,-1,498,778,95,81,1,-1,-1,-1
37,-1,590,450,48,75,1,-1,-1,-1
37,-1,584,342,89,109,1,-1,-1,-1
37,-1,461,119,88,78,1,-1,-1,-1
38,-1,607,680,79,87,1,-1,-1,-1
38,-1,595,580,91,104,1,-1,-1,-1
38,-1,475,356,102,69,1,-1,-1,-1
38,-1,533,988,73,36,1,-1,-1,-1
39,-1,620,872,78,83,1,-1,-1,-1
39,-1,617,792,108,85,1,-1,-1,-1
39,-1,495,558,95,70,1,-1,-1,-1
39,-1,503,2,54,39,1,-1,-1,-1
40,-1,501,742,95,68,1,-1,-1,-1
40,-1,528,170,58,72,1,-1,-1,-1
40,-1,486,97,81,82,1,-1,-1,-1
40,-1,480,27,82,66,1,-1,-1,-1
40,-1,629,983,69,41,1,-1,-1,-1
41,-1,532,419,72,70,1,-1,-1,-1
41,-1,493,337,79,84,1,-1,-1,-1
41,-1,498,283,78,46,1,-1,-1,-1
41,-1,518,957,63,61,1,-1,-1,-1
42,-1,544,729,53,49,1,-1,-1,-1
42,-1,511,634,91,82,1,-1,-1,-1
42,-1,428,29,113,95,1,-1,-1,-1
43,-1,520,869,81,51,1,-1,-1,-1
43,-1,447,256,106,71,1,-1,-1,-1
43,-1,447,40,95,62,1,-1,-1,-1
44,-1,445,468,106,80,1,-1,-1,-1
44,-1,457,265,82,64,1,-1,-1,-1
45,-1,462,703,93,85,1,-1,-1,-1
45,-1,464,507,87,68,1,-1,-1,-1
45,-1,945,117,79,99,1,-1,-1,-1
46,-1,472,899,90,74,1,-1,-1,-1
46,-1,472,718,92,64,1,-1,-1,-1
46,-1,971,407,53,100,1,-1,-1,-1
47,-1,488,924,82,46,1,-1,-1,-1
47,-1,965,691,59,96,1,-1,-1,-1
47,-1,605,7,73,70,1,-1,-1,-1
48,-1,525,168,64,81,1,-1,-1,-1
48,-1,619,235,80,100,1,-1,-1,-1
48,-1,973,116,51,105,1,-1,-1,-1
48,-1,886,224,47,70,1,-1,-1,-1
49,-1,544,393,63,71,1,-1,-1,-1
49,-1,626,469,78,98,1,-1,-1,-1
49,-1,997,400,27,80,1,-1,-1,-1
49,-1,895,484,54,80,1,-1,-1,-1
50,-1,551,625,78,73,1,-1,-1,-1
50,-1,639,736,70,78,1,-1,-1,-1
50,-1,993,687,31,86,1,-1,-1,-1
50,-1,900,80,76,105,1,-1,-1,-1
50,-1,902,765,49,73,1,-1,-1,-1
51,-1,558,818,74,62,1,-1,-1,-1
51,-1,910,328,82,115,1,-1,-1,-1
51,-1,909,984,47,40,1,-1,-1,-1
51,-1,841,136,61,70,1,-1,-1,-1
52,-1,916,567,64,99,1,-1,-1,-1
52,-1,960,653,64,64,1,-1,-1,-1
52,-1,856,370,45,49,1,-1,-1,-1
52,-1,441,18,33,34,1,-1,-1,-1
53,-1,903,860,77,93,1,-1,-1,-1
53,-1,441,252,46,51,1,-1,-1,-1
53,-1,974,963,50,61,1,-1,-1,-1
54,-1,450,455,51,70,1,-1,-1,-1
55,-1,457,639,59,62,1,-1,-1,-1
56,-1,469,820,49,64,1,-1,-1,-1
57,-1,785,173,100,118,1,-1,-1,-1
57,-1,885,154,88,134,1,-1,-1,-1
58,-1,808,387,84,113,1,-1,-1,-1
58,-1,905,371,85,146,1,-1,-1,-1
59,-1,827,647,82,91,1,-1,-1,-1
59,-1,898,624,106,145,1,-1,-1,-1
60,-1,901,895,80,67,1,-1,-1,-1
69,-1,540,164,98,111,1,-1,-1,-1
70,-1,551,417,82,100,1,-1,-1,-1
70,-1,349,104,60,57,1,-1,-1,-1
71,-1,558,651,98,101,1,-1,-1,-1
71,-1,354,295,67,72,1,-1,-1,-1
72,-1,373,525,61,58,1,-1,-1,-1
72,-1,404,333,63,69,1,-1,-1,-1
72,-1,494,65,77,111,1,-1,-1,-1
72,-1,573,930,59,51,1,-1,-1,-1
73,-1,385,724,83,69,1,-1,-1,-1
73,-1,402,555,85,69,1,-1,-1,-1
73,-1,506,316,79,99,1,-1,-1,-1
74,-1,401,921,65,48,1,-1,-1,-1
74,-1,414,756,79,79,1,-1,-1,-1
74,-1,520,552,77,97,1,-1,-1,-1
75,-1,416,934,81,64,1,-1,-1,-1
75,-1,524,758,75,98,1,-1,-1,-1
75,-1,403,113,80,77,1,-1,-1,-1
76,-1,538,939,69,78,1,-1,-1,-1
76,-1,420,286,79,72,1,-1,-1,-1
77,-1,430,504,76,66,1,-1,-1,-1
78,-1,440,714,78,61,1,-1,-1,-1
78,-1,482,171,42,68,1,-1,-1,-1
79,-1,448,914,76,51,1,-1,-1,-1
79,-1,494,431,44,54,1,-1,-1,-1
80,-1,509,693,32,40,1,-1,-1,-1
80,-1,517,186,74,68,1,-1,-1,-1
81,-1,528,434,60,67,1,-1,-1,-1
81,-1,692,203,67,76,1,-1,-1,-1
82,-1,532,627,66,77,1,-1,-1,-1
82,-1,722,436,45,77,1,-1,-1,-1
83,-1,538,839,72,82,1,-1,-1,-1
83,-1,725,724,36,36,1,-1,-1,-1
85,-1,512,43,72,64,1,-1,-1,-1
86,-1,521,274,84,62,1,-1,-1,-1
87,-1,535,535,81,58,1,-1,-1,-1
88,-1,539,740,84,72,1,-1,-1,-1
89,-1,559,947,71,61,1,-1,-1,-1
98,-1,477,316,85,90,1,-1,-1,-1
98,-1,426,170,69,62,1,-1,-1,-1
99,-1,489,483,90,107,1,-1,-1,-1
99,-1,437,343,63,56,1,-1,-1,-1
